999 999 999 5 6 5 999 999 999 999 999 999 999 999 999 999 999 999 999 999 999 999 999 999
999 999 999 999 999 999 999 8 999 999 999 999 999 999 999 999 999 999 999 999 999 999 999 999
999 999 999 999 999 999 999 16 5 999 999 999 999 999 999 18 999 999 999 999 999 999 999 999
5 999 999 999 8 9 999 999 999 999 11 999 11 999 999 999 999 999 999 999 999 999 999 999
6 999 999 8 999 3 999 999 999 999 15 999 999 999 999 999 999 999 999 999 999 999 999 999
5 999 999 9 3 999 6 999 999 999 16 999 999 999 999 999 999 999 999 999 999 999 999 999
999 999 999 999 999 6 999 6 999 999 16 5 999 18 999 999 999 999 999 999 999 999 999 999
999 8 16 999 999 999 6 999 12 999 999 8 999 999 999 6 999 999 999 999 999 999 999 999
999 999 5 999 999 999 999 12 999 5 999 999 999 999 999 15 999 999 999 999 999 999 999 999
999 999 999 999 999 999 999 999 5 999 999 16 999 999 22 13 16 999 999 999 999 16 999 999
999 999 999 11 15 16 16 999 999 999 999 14 4 7 6 999 999 999 999 999 999 999 999 999
999 999 999 999 999 999 5 8 999 16 14 999 999 999 11 6 999 999 999 999 10 999 999 999
999 999 999 11 999 999 999 999 999 999 4 999 999 6 999 999 999 15 22 999 999 999 999 999
999 999 999 999 999 999 18 999 999 999 7 999 6 999 5 999 999 16 19 7 999 999 999 999
999 999 999 999 999 999 999 999 999 22 6 11 999 5 999 10 999 999 25 5 9 999 999 999
999 999 18 999 999 999 999 6 15 13 999 6 999 999 10 999 10 999 999 999 9 8 999 999
999 999 999 999 999 999 999 999 999 16 999 999 999 999 999 10 999 999 999 999 999 2 999 999
999 999 999 999 999 999 999 999 999 999 999 999 15 16 999 999 999 999 19 999 999 999 999 999
999 999 999 999 999 999 999 999 999 999 999 999 22 19 25 999 999 19 999 999 999 999 999 999
999 999 999 999 999 999 999 999 999 999 999 999 999 7 5 999 999 999 999 999 5 999 7 999
999 999 999 999 999 999 999 999 999 999 999 10 999 999 9 9 999 999 999 5 999 5 6 10
999 999 999 999 999 999 999 999 999 16 999 999 999 999 999 8 2 999 999 999 5 999 999 6
999 999 999 999 999 999 999 999 999 999 999 999 999 999 999 999 999 999 999 7 6 999 999 8
999 999 999 999 999 999 999 999 999 999 999 999 999 999 999 999 999 999 999 999 10 6 8 999